 MAE TS MSE RSFE
E:200_LR:1_Day 10.312925815582275 -7.5415725095104245 160.79519110334317 -42.18897724151611
E:200_LR:1_Month 2.0643838228804343 -88476698.0 6.801789856100402 -42.18897724151611
