 MAE TS MSE RSFE
E:200_LR:.00001_Day 10.074238936106363 -6.701639711161512 151.68056814425123 -40.061556816101074
E:200_LR:.00001_Month 2.0663204514578486 -1328.1596833444805 6.818071804240944 -40.061556816101074
