 MAE TS MSE RSFE
E:100_LR:.01_Day 9.716240723927816 -7.6770129184048574 152.82192887124415 -47.71974754333496
E:100_LR:.01_Month 2.1028670889607977 -227.09271186413034 6.9163916987044685 -47.71974754333496
