 MAE TS MSE RSFE
E:200_LR:.01_Day 9.895656506220499 -7.326614918889913 151.2979371409992 -43.11944246292114
E:200_LR:.01_Month 2.081275980124313 -397.9985479920802 6.839939622015281 -43.11944246292114
