 MAE TS MSE RSFE
E:1000_LR:.01_Day 9.48966153462728 -7.937783530099157 152.93875564979052 -45.93070697784424
E:1000_LR:.01_Month 2.09713998001613 -169.23886310153264 6.893149255753218 -45.93070697784424
