 MAE TS MSE RSFE
E:300_LR:.0001_Day 9.766279697418213 -3.1557198405941067 153.38175680562904 -29.421767234802246
E:300_LR:.0001_Month 2.128044514173872 -93.81225076550298 7.0089985044428715 -29.421767234802246
