 MAE TS MSE RSFE
E:200_LR:.0001_Day 9.16501259803772 -3.389366316441693 121.50558957975072 -19.612658977508545
E:200_LR:.0001_Month 2.0626391266169173 -391.3387806885741 6.787673224459045 -19.612658977508545
