 MAE TS MSE RSFE
E:300_LR:.01_Day 13.416106303532919 -6.985056818738805 218.12151560959134 -64.10259580612183
E:300_LR:.01_Month 2.135631756836109 -176.09497764147437 6.980741504044291 -64.10259580612183
