 MAE TS MSE RSFE
E:500_LR:1_Day 10.259637832641602 -7.3618348874387705 158.46565026111543 -41.13505935668945
E:500_LR:1_Month 2.0629867596572704 -86266472.0 6.799018214501905 -41.13505935668945
