 MAE TS MSE RSFE
E:500_LR:.001_Day 13.331364154815674 -12.273708532875505 271.3791500072132 -79.98818492889404
E:500_LR:.001_Month 2.1192824331562172 -1491.838317553636 6.964058628907712 -79.98818492889404
