 MAE TS MSE RSFE
E:100_LR:.1_Day 10.470588207244873 -8.07089253228873 168.04972312616323 -45.307188987731934
E:100_LR:.1_Month 2.0685172938228993 -inf 6.81040087659292 -45.307188987731934
