 MAE TS MSE RSFE
E:1000_LR:1_Day 10.259633541107178 -7.361820395270016 158.46546514247453 -41.13497447967529
E:1000_LR:1_Month 2.062986647145132 -86266294.0 6.799017994111966 -41.13497447967529
