 MAE TS MSE RSFE
E:300_LR:.001_Day 8.974395672480265 -5.888372432172427 126.9053914787839 -43.98747110366821
E:300_LR:.001_Month 2.1002183040876066 -245.83028324766045 6.915353528784862 -43.98747110366821
