 MAE TS MSE RSFE
E:500_LR:.00001_Day 10.523725350697836 -7.697635439889724 166.95681848293256 -43.266812324523926
E:500_LR:.00001_Month 2.066938871747992 -1857.8349935352023 6.8077014127518884 -43.266812324523926
