 MAE TS MSE RSFE
E:100_LR:.0001_Day 10.190011739730835 -7.1328675438944655 155.9229287052817 -40.71875524520874
E:100_LR:.0001_Month 2.066129981801751 -1426.9062013494593 6.809427341976767 -40.71875524520874
