 MAE TS MSE RSFE
E:1000_LR:.00001_Day 9.644329945246378 -5.76503079607922 137.82477800195855 -34.032987117767334
E:1000_LR:.00001_Month 2.0641653109132574 -697.6350785422276 6.801046464882954 -34.032987117767334
