 MAE TS MSE RSFE
E:1000_LR:.0001_Day 11.073492447535196 -0.583318393822236 173.8974453106895 -4.664394378662109
E:1000_LR:.0001_Month 2.1528880810469726 -10.478284275567761 7.1977356863956645 -4.664394378662109
