 MAE TS MSE RSFE
E:200_LR:.001_Day 11.029398997624716 -6.285766620132613 201.8169569636702 -56.240012645721436
E:200_LR:.001_Month 2.1956656032733703 -115.74183760412217 7.280895188855358 -56.240012645721436
