 MAE TS MSE RSFE
E:500_LR:.1_Day 10.07287049293518 -7.092563595128526 152.6159837252824 -39.7975058555603
E:500_LR:.1_Month 2.065354087379541 -965.0508382741128 6.805087657662215 -39.7975058555603
