 MAE TS MSE RSFE
E:1000_LR:.1_Day 9.327101627985636 -4.7559599949962035 128.13718838258353 -26.34112024307251
E:1000_LR:.1_Month 2.062504958570673 -372.1303586863758 6.779705712505828 -26.34112024307251
