 MAE TS MSE RSFE
E:300_LR:.00001_Day 10.712902625401815 -7.645473531238124 170.30786650703874 -43.53321027755737
E:300_LR:.00001_Month 2.0700134454148538 -1238.821046052246 6.836103448934112 -43.53321027755737
