 MAE TS MSE RSFE
E:300_LR:1_Day 10.222567558288574 -7.236548929160674 156.88155727706604 -40.40189170837402
E:300_LR:1_Month 2.0620148798053184 -84728908.0 6.7971314497416735 -40.40189170837402
