 MAE TS MSE RSFE
E:100_LR:.001_Day 13.377761999766031 -13.434127662582451 282.6779185624126 -79.74803638458252
E:100_LR:.001_Month 2.1137664291296114 -3413.1628694980864 6.944742405590522 -79.74803638458252
