 MAE TS MSE RSFE
E:200_LR:.1_Day 10.025391419728598 -7.687856962562581 154.9049323457365 -45.05928325653076
E:200_LR:.1_Month 2.0997588607702364 -192.54238027185744 6.895567747969544 -45.05928325653076
