 MAE TS MSE RSFE
E:500_LR:.01_Day 10.77215846379598 -9.662448035054444 192.1421229328565 -57.8353328704834
E:500_LR:.01_Month 2.0963145909684426 -509.21206363629744 6.890930740923949 -57.8353328704834
