 MAE TS MSE RSFE
E:500_LR:.0001_Day 9.667674620946249 -3.20870715876309 174.90762318035047 -33.797497272491455
E:500_LR:.0001_Month 2.153951529706462 -82.93833450762578 7.1163715748859975 -33.797497272491455
