 MAE TS MSE RSFE
E:100_LR:.00001_Day 10.337217728296915 -7.3447236552501725 160.75939918410975 -42.15121030807495
E:100_LR:.00001_Month 2.066399303714881 -1880.7300834336663 6.811685085809487 -42.15121030807495
