 MAE TS MSE RSFE
E:300_LR:.1_Day 9.52986971537272 -6.116700266571547 133.40914929265114 -36.09244632720947
E:300_LR:.1_Month 2.0902607414159884 -170.35950584467997 6.864327917334654 -36.09244632720947
