 MAE TS MSE RSFE
E:1000_LR:.001_Day 11.646906614303589 -9.647195895510833 211.54222354194278 -69.88143968582153
E:1000_LR:.001_Month 2.124849911486165 -352.06641243999053 7.0054400465576885 -69.88143968582153
