 MAE TS MSE RSFE
E:100_LR:1_Day 10.399730682373047 -7.8334573789496575 164.72237512518768 -43.905784606933594
E:100_LR:1_Month 2.066659605904911 -inf 6.806454927469715 -43.905784606933594
